MutationType	C10	C125PM	C80	C84	CACO2	CAR1	CL11	COGA2	COGA5	COGA8	COLO94H	CRC0080_XL	CRC0438_XL	CRC0558_XL	CRC0778_XL	CRC0781_XL	DLD1	FET	HCA24	HCA46	HCC2998	HCT116	HDC8	HROBMCO1	HROC24	HROC277_T0M1_XL	HROC278_MET_XL	HROC32	HROC334	HROC39	HROC46_XL	HROC57	HROC59_XL	HROC69	HROC80_XL	HT29	JVE207	KM12	KP363T	LIM1215	LIM2099	LIM2537	LIM2551	LS411N	LS513	MDST8	OUMS23	OXCO2	OXCO3	RW7213	SKCO1	SNU1181	SNU1411	SNU254	SNU81	SNU977	SW1417	SW1463	SW403	SW480	SW837	SW948	V411
A[C>A]A	4616	11626	11796	9620	6975	10194	12468	10627	12916	11914	10503	12895	5455	11735	4663	10804	12597	16023	12642	13178	14977	11272	9210	9384	11012	11471	11867	11747	12839	11971	11416	10402	12708	14399	10215	11197	11549	11215	12416	10673	14952	11291	8819	11864	13399	11354	14652	9584	10930	10823	11744	11914	9192	12902	5824	10236	11402	11357	11378	11569	12402	11194	13499
A[C>A]C	2327	4617	4315	3882	3280	3983	4524	4060	4892	4467	4048	5005	2843	4737	2276	4683	7444	6456	7160	4684	9942	4723	3731	4109	4560	4696	4859	4486	4983	4855	4697	4391	4907	9209	4231	4586	4654	4722	4867	4509	4982	4568	4146	5136	5054	4633	5567	4061	4443	4377	4821	4458	4189	4997	4513	4475	4630	4624	4639	4781	4442	4820	5257
A[C>A]G	989	1965	1961	1692	1393	1773	1940	1719	2133	1897	1777	2160	1162	2055	1008	2009	2192	2421	2077	1970	2504	1917	1624	1769	1879	1931	2042	1879	2086	2042	1970	1838	2170	2137	1824	1980	1988	1933	2038	1990	2075	1986	1779	2012	2176	2001	2385	1821	1925	1911	2099	1914	1794	2144	1242	1952	1958	1935	1946	1998	1893	1960	2232
A[C>A]T	1996	4239	4021	3558	3005	3556	4257	3725	4730	4049	3760	4843	2604	4255	2027	4115	19812	5841	12342	4378	22085	4641	3350	3797	4275	4206	4647	4082	4697	4461	4433	3899	4594	13257	3941	4050	4364	4601	4667	4174	4836	4784	4011	6009	4677	4352	5401	4061	4069	4030	4486	4047	3643	4611	12651	4075	4016	4257	4709	4542	4145	4746	4998
A[C>G]A	3663	7598	7316	6264	5279	6818	7306	6669	8390	7132	6651	8319	4351	7848	3703	7556	8423	9122	7364	7702	8959	8392	6233	6633	7733	7691	8134	7422	8212	8035	7665	7295	8442	9555	7206	7570	7856	8406	8241	7981	8151	8345	7453	9008	8373	7608	9163	7387	7289	7239	8047	7181	6588	8353	4105	7280	7577	7732	6957	7614	7434	7395	8704
A[C>G]C	1337	2590	2407	2172	1811	2264	2448	2249	2698	2439	2265	2730	1583	2598	1377	2544	3040	3406	2566	2585	3259	2792	2007	2301	2540	2613	2714	2477	2690	2594	2558	2590	2785	3042	2380	2652	2584	2689	2708	2628	2546	2556	2398	2867	2779	2556	3038	2374	2432	2508	2653	2425	2343	2702	1591	2497	2573	2670	2469	2567	2437	2629	2858
A[C>G]G	1176	2199	2167	1996	1583	2022	2130	2012	2359	2161	2063	2346	1342	2286	1212	2190	2199	2606	2167	2184	2396	2252	1857	1995	2232	2292	2326	2134	2349	2267	2295	2253	2432	2341	2103	2260	2297	2195	2334	2289	2367	2235	2164	2324	2397	2276	2623	2066	2170	2184	2258	2130	2027	2340	1200	2172	2260	2251	2149	2213	2232	2160	2452
A[C>G]T	2409	4430	4316	3961	3261	4121	4295	3988	4805	4332	4051	4903	2754	4600	2298	4468	5833	5999	4596	4776	5282	5055	3707	4019	4469	4591	4717	4565	4880	4753	4789	4205	4928	4951	4282	4508	4587	4931	4667	4594	4827	4695	4333	6970	4836	4501	5414	4402	4404	4438	4676	4272	4079	4802	2547	4393	4325	4699	4038	4494	4389	4854	5099
A[C>T]A	11841	25299	24089	21036	17257	21166	24489	22482	26822	23942	21525	25583	13553	25814	12473	23901	55530	31124	25547	25448	30429	44345	19836	20670	32149	24638	26142	23896	27230	26467	23923	22078	26949	31234	22495	24178	25415	44086	25522	33407	27593	38710	30843	64945	27284	24662	30844	32728	23243	23473	24878	24307	20749	27958	13873	22589	24008	23820	23199	26613	24692	23448	28623
A[C>T]C	4620	8481	7994	7269	6272	7224	8174	7351	8735	8134	7398	8994	5283	8651	4668	8452	19905	11504	10513	8347	14887	11182	6677	7370	9530	8466	8570	8310	8901	8533	8356	8085	9038	14845	7589	9150	8631	17522	8452	9668	8768	10319	8988	13784	9165	10898	9367	8864	8137	8200	8792	7621	7185	8538	8301	7847	8354	8614	8338	9541	8325	8188	9238
A[C>T]G	9984	17985	17054	15865	13282	16248	17556	16507	18134	17636	15939	18485	11446	18160	10329	18114	31646	26701	23008	17767	31327	27213	14881	16003	21707	17737	17955	17409	18846	18249	17434	16626	19288	32737	16309	18496	18053	22862	17488	21570	18275	23934	20057	29898	19875	17316	20181	26090	16674	17741	18108	17648	16687	18778	18387	17498	17881	18000	16948	17158	17203	17402	19023
A[C>T]T	6791	11831	11287	10407	8956	10502	11844	10803	12430	11560	10583	12565	7621	12125	6682	11280	25774	15580	14844	11923	22553	16253	9879	10850	12514	11640	12092	11468	12487	12179	11598	11062	12291	19867	11055	11749	12001	20371	12196	12859	12695	13673	11990	31154	12614	13359	13658	12460	11363	11535	12492	11333	10581	12343	12304	11280	11744	11681	11496	13193	11866	11699	13076
A[T>A]A	3396	9444	8885	7674	5824	6403	9031	8002	10007	8978	7841	8896	4069	9335	3716	8956	12136	10211	9772	9683	11183	7699	6911	7473	8109	8900	9552	8618	10079	9923	8760	7431	10035	11999	7971	8775	9399	7040	8926	7294	11169	7110	6535	6895	9735	9264	12268	6667	7944	8117	8784	9196	7135	10336	4272	7954	8436	7876	8064	8736	9192	8526	11195
A[T>A]C	1574	3059	3025	2662	2203	2941	2983	2771	3359	3047	2722	3473	1839	3312	1562	3137	8591	4070	3398	3278	4026	3710	2477	2828	3981	3042	3373	3058	3322	3266	3099	2932	3322	3768	2799	2954	3177	3609	3345	3359	3436	3662	3340	3516	3315	3313	4024	3209	2958	3025	3311	2971	2900	3447	2067	3087	3036	3091	2774	3287	3129	3061	3563
A[T>A]G	2454	4417	4253	3770	3273	3889	4368	3760	4688	4277	3909	4812	2700	4529	2052	3996	5563	5361	4357	4375	4822	4462	3395	3925	4236	4275	4539	4237	4714	4530	4422	3813	4616	4489	4035	3939	4421	4422	4577	4306	4727	4176	3978	4130	4430	4723	5125	4108	4189	4258	4680	4189	3842	4696	2438	4228	4128	4226	3918	4873	4193	4453	4834
A[T>A]T	2856	5991	5591	5099	4250	4901	5890	5308	6493	5968	5100	6135	3383	5957	2718	5699	16404	7090	10322	6200	15411	8996	4693	4999	7841	5569	6259	5476	6641	6239	5789	4961	6275	13410	5231	5578	6092	8422	5932	7367	6662	8738	7289	9839	6180	7644	7342	7258	5433	5530	6016	5821	4973	6337	6891	5552	5560	5454	5216	5997	5810	5923	6891
A[T>C]A	11760	25788	25365	22087	17460	22639	25292	23141	27845	25226	23002	26607	13398	26551	12335	24682	43277	33236	30245	27147	42936	32442	21088	20715	27932	25599	26462	25201	27697	27255	24537	22007	27810	55675	22967	24635	26074	29556	26079	28273	29036	28253	25193	32730	28101	25006	32128	25901	23654	24371	25761	26069	21424	28970	19542	23127	24248	24570	22469	25278	25968	23930	29349
A[T>C]C	4455	8183	8144	7179	6008	7869	8093	7405	8422	8090	7522	8772	5156	8254	4525	8208	14514	10454	10755	8361	17164	10198	6978	7137	9280	8221	8485	8063	8636	8430	8054	7849	8876	18999	7568	7907	8486	9748	8409	9381	8720	9342	8765	11897	8906	8320	9785	8479	8003	7952	8494	7924	7256	8804	8239	7816	7757	8317	7628	8177	8100	7674	8942
A[T>C]G	10030	17336	16770	15290	12761	15896	16810	15680	17660	16786	15453	18329	11111	17743	10007	17214	30199	23033	18893	17170	27234	22390	14572	15545	18991	17142	17581	16510	17935	17729	17066	16280	18216	28418	16185	17283	17438	21717	17199	20689	18240	19941	18505	27391	18422	17532	19758	18576	16579	16841	17712	16520	15789	17904	13400	16666	16862	17320	16205	17002	16717	16619	18652
A[T>C]T	7275	12100	12004	10812	9488	11201	12031	10978	12625	11883	11046	13125	8109	12602	7052	12480	24500	17995	16358	12675	29167	16037	10052	11134	13447	11851	12536	11896	12784	12569	12115	11065	12834	25402	11288	11882	12354	14057	12137	13352	12945	12949	12322	15636	13218	12650	14332	12654	11530	11897	12731	11968	11224	12748	13690	11959	11625	11892	11223	12498	12038	11985	13498
A[T>G]A	2442	5610	5544	4742	3727	4605	5491	4886	6330	5423	5045	5884	2768	5698	2456	5261	5993	6266	8993	5930	18502	5384	4519	4653	5366	5637	6029	5231	6182	5972	5691	4990	6145	8589	5219	5388	5802	5358	5682	5496	6231	5370	4929	4984	6016	5631	6962	4924	5236	5171	5806	5383	4635	6238	5110	5243	5210	5491	4811	5377	5534	5538	6546
A[T>G]C	958	1901	1785	1610	1272	1735	1806	1727	2075	1805	1680	2041	1148	1896	951	1869	3187	2373	3953	1933	10964	1958	1541	1681	1933	1882	1969	1839	1939	1998	1914	1808	2036	5441	1792	1854	1873	2087	1926	2045	2014	2108	1957	1966	1998	1992	2261	1845	1781	1842	1985	1863	1723	2025	3409	1882	1854	1872	1755	1949	1933	1870	2087
A[T>G]G	1828	3515	3549	3091	2487	3183	3482	3221	3853	3472	3214	3848	2090	3617	1759	3467	4602	4571	4825	3634	9305	3630	2884	3159	3545	3537	3645	3444	3807	3694	3614	3285	3739	5770	3292	3386	3644	3728	3641	3747	3843	3742	3403	3568	3809	3790	4273	3397	3375	3412	3721	3373	3129	3790	3304	3432	3390	3500	3210	3684	3543	3544	3933
A[T>G]T	1863	3567	3441	3038	2602	3159	3445	3325	3931	3484	3470	3805	2201	3501	1724	3445	9086	4639	24115	3682	77522	3809	2940	3135	4018	3436	3669	3391	3672	3640	3641	3097	3701	26779	3577	3335	3524	4739	3579	3970	3918	3963	3729	4177	3928	3705	4613	3559	3415	3448	3698	3324	3102	3703	23298	3354	3324	3470	3133	3564	3474	3572	4033
C[C>A]A	2780	5596	5155	4649	3941	4854	5583	5053	6103	5312	4857	6486	3524	5748	2663	5432	14620	7548	7383	5611	10092	6698	4446	4966	6089	5556	5946	5544	6242	5765	5900	5286	6107	10662	5025	5605	5560	7163	6270	5901	5910	6755	5914	10229	6241	6551	6715	5739	5419	5383	5875	5274	4778	5897	5827	5236	5556	5521	7739	5978	5246	6334	6457
C[C>A]C	2383	4592	4384	3831	3338	3956	4343	3990	4796	4268	4012	4988	2881	4680	2390	4797	23433	5790	5141	4555	6780	7487	3676	4051	6147	4802	4940	4430	5053	4737	4738	4530	5031	6886	4384	4554	4560	7835	4990	6062	4681	7339	6126	11266	5169	4858	5476	5593	4493	4405	4680	4426	4076	4836	3781	4372	4452	4806	5084	5044	4361	4883	5246
C[C>A]G	1022	2030	1848	1645	1375	1714	1882	1770	2057	1847	1695	2103	1183	2043	1053	1981	4380	2452	2006	1939	2530	2376	1565	1746	2171	2017	2052	1901	2121	1946	1964	2003	2095	2443	1852	2109	1983	2450	2046	2253	1980	2350	2149	3153	2293	2130	2272	1971	1954	1911	2021	1883	1794	2070	1398	1924	2023	1997	2272	1982	1860	2032	2229
C[C>A]T	1924	3835	3590	3337	2816	3440	3977	3591	4100	3756	3464	4389	2512	3938	1939	4001	81799	5757	12726	4007	18605	11100	3233	3610	8740	3911	4201	3844	4342	3984	4158	3615	4219	25578	3588	3968	3858	12546	4201	7518	4236	12871	9796	23068	4645	4346	4647	7822	3906	3689	4052	3824	3451	4062	17835	3781	4000	3963	6400	4279	3777	4494	4440
C[C>G]A	1420	2537	2474	2119	1952	2318	2427	2243	2718	2379	2231	2769	1715	2555	1337	2547	2669	3481	2393	2519	2730	2575	1984	2206	2514	2503	2725	2491	2722	2595	2672	2455	2755	2557	2375	2550	2578	2541	2757	2512	2732	2537	2309	2514	2643	2653	2937	2381	2477	2488	2655	2411	2372	2738	1473	2529	2505	2552	2327	2578	2474	2522	2922
C[C>G]C	1257	2465	2384	2064	1718	2209	2373	2160	2479	2244	2139	2607	1461	2520	1321	2558	2509	3642	2257	2375	2889	2504	1904	2222	2488	2555	2617	2300	2618	2533	2490	2412	2718	2556	2422	2634	2435	2630	2633	2543	2517	2457	2305	2582	2727	2580	2968	2254	2377	2330	2536	2301	2263	2684	1380	2410	2429	2589	2427	2594	2290	2418	2792
C[C>G]G	758	1560	1327	1233	1009	1310	1343	1214	1552	1410	1297	1658	870	1610	792	1556	1394	1878	1401	1463	1655	1436	1223	1364	1447	1616	1603	1385	1528	1582	1535	1586	1645	1641	1493	1601	1547	1431	1561	1501	1479	1434	1300	1561	1755	1517	1793	1360	1489	1506	1563	1316	1404	1691	856	1470	1581	1543	1520	1433	1416	1436	1641
C[C>G]T	1445	2813	2774	2400	2048	2598	2662	2577	3030	2562	2573	3181	1677	2880	1484	2868	3233	4204	2774	2965	3210	2917	2246	2499	2800	2953	3085	2725	3135	3007	2951	2773	3219	2958	2710	2972	2878	2912	3054	2893	3072	2800	2625	2945	3114	2907	3524	2529	2750	2747	2971	2803	2633	3049	1575	2908	2804	2973	2645	2986	2699	2952	3320
C[C>T]A	5194	9199	8805	8004	7062	8335	8949	8231	9507	8910	8026	9853	5964	9273	4964	9047	18129	13371	9297	9225	11985	11366	7304	8344	9886	9147	9473	8998	9620	9574	9158	8837	9774	12744	8444	10162	9306	17305	9401	9926	9419	10149	9188	14449	9859	16733	10718	9336	8692	9075	9842	8654	8322	9752	6451	8991	9119	9509	9296	11219	9039	9233	10222
C[C>T]C	4302	8394	7823	7039	6033	7254	7988	7200	8724	7655	7165	8985	4909	8614	4532	8613	19643	11702	8484	8304	12195	10745	6396	7257	9106	8505	8854	7936	8983	8647	8293	8254	9206	13893	7722	10108	8410	22166	8554	9274	8634	9437	8564	11209	9267	16935	9892	8379	7988	8244	9123	7576	7273	8735	6228	7865	8453	8579	8322	9211	7906	8056	9482
C[C>T]G	7713	14248	13201	12289	10238	12309	13509	12361	14205	13288	12062	14683	8504	14346	7989	14562	24266	21704	14827	13749	20627	19800	11086	12583	16824	14043	14251	13472	14643	14620	14017	13672	15332	27015	13119	15079	14452	17901	13748	16745	14041	18359	15364	19867	15948	14964	16282	18914	13472	14087	14634	13595	13396	15000	11773	13816	14318	14384	13747	13513	13276	13352	15155
C[C>T]T	5040	10359	9364	8386	7084	8639	9724	8609	10975	9431	8497	11475	5619	10771	5166	10263	21394	14405	10791	10096	16234	12541	7792	9076	10617	10299	10840	9603	10972	10765	10162	9734	11395	17853	9323	11385	10639	20253	10775	10677	10950	10828	9795	16515	11474	18168	13038	9726	9822	10176	11156	9486	9131	11569	7729	10012	10490	10089	9746	10924	9740	9862	11824
C[T>A]A	1046	2099	2030	1810	1495	1848	2086	1845	2246	2033	1895	2333	1241	2159	958	2044	3195	2508	2195	2289	2831	2231	1691	1944	2092	2110	2312	2104	2284	2200	2152	1998	2274	2350	1958	2241	2206	2292	2266	2131	2392	2057	1928	2144	2198	2256	2563	1970	2096	1963	2265	2031	1819	2243	1144	2030	2076	2127	1937	2458	2147	2443	2486
C[T>A]C	2040	4370	4174	3518	2931	3896	4232	3660	4679	4004	3708	4765	2483	4530	1942	4318	7627	4830	4342	4387	5351	5223	3346	3789	4955	4278	4674	4165	4783	4578	4298	3902	4634	5092	3978	4187	4431	5658	4790	4983	4718	5168	4570	5851	4764	4327	5421	4444	4205	4173	4592	4036	3612	4770	2263	4003	4198	4317	3849	4626	4290	4295	4964
C[T>A]G	1484	2989	2822	2539	2116	2666	2912	2617	3251	2846	2715	3302	1851	3023	1445	3028	4509	3572	3087	3017	3975	3191	2462	2760	3041	2966	3259	2890	3269	3170	3069	2927	3165	3402	2829	3109	3083	3337	3242	3088	3188	3034	2816	3177	3159	3241	3680	2788	2906	2967	3173	2820	2574	3168	1686	2930	2960	3166	2889	3626	3005	3330	3388
C[T>A]T	2462	4327	4184	3731	3288	3785	4213	3835	4828	4236	4049	4790	2897	4396	2156	4333	7525	4678	4813	4458	6768	4515	3451	4133	4432	4238	4603	4135	4556	4335	4483	3831	4502	5214	4312	4077	4381	5116	4616	4448	4755	4385	4111	4955	4625	4567	5210	4207	4217	4164	4621	4071	3764	4517	3068	4218	4089	4207	3846	4700	4102	4585	4740
C[T>C]A	4529	7737	7468	6793	5759	6999	7640	6957	8261	7591	7186	8416	5018	8007	4300	7603	16318	9512	8309	8038	10871	11828	6466	6946	9122	7727	8050	7414	8056	7919	7949	7415	8248	12806	7440	7572	7858	10303	7875	9216	8317	9030	8393	13457	8433	8034	8960	8870	7549	7492	7881	7490	6930	8065	5856	7568	7659	7697	7118	7704	7505	7808	8465
C[T>C]C	3637	7313	6946	6027	5141	6450	6903	6341	7843	6752	6537	7768	4400	7475	3661	7386	13189	8762	7638	7142	11043	9460	5883	6334	8197	7426	7789	6809	7661	7620	7399	7202	7978	13158	6973	7234	7498	9507	7665	8451	7722	8155	7488	12084	8233	7396	9168	7415	7090	6987	7511	6720	6336	7843	4937	6990	7246	7366	6882	7263	6863	6995	8021
C[T>C]G	7107	13415	12389	11191	9449	11808	12524	11734	13720	12293	11609	14001	7957	13459	7391	13557	25795	16019	13359	12799	18058	18516	10838	11793	14837	13277	13526	12370	13779	13793	13304	13383	14109	19554	12589	13329	13424	18063	13398	16105	13518	15325	14219	25693	14493	13348	15481	14367	13030	12892	13434	12260	12046	13856	8897	12745	13647	13478	12748	12906	12530	12642	14156
C[T>C]T	4481	9692	8816	7600	6462	8126	8727	8326	10571	8556	8364	10459	5364	9805	4681	9523	19487	11690	9602	9229	14643	13504	7206	8240	11530	9458	9963	8706	10047	9860	9442	9051	10410	15039	9058	9220	9703	14512	10018	11489	10067	11340	10142	16650	11044	10626	12967	10117	9396	8864	9852	8645	8159	10654	5925	9070	9494	9333	8894	9529	8809	9180	10473
C[T>G]A	721	1387	1295	1245	990	1309	1321	1272	1408	1313	1275	1435	868	1413	693	1378	2145	1763	3320	1542	13204	1399	1150	1264	1427	1384	1482	1355	1479	1472	1450	1325	1579	4624	1392	1380	1396	1560	1476	1406	1487	1558	1387	1472	1431	1432	1668	1341	1423	1333	1453	1299	1242	1488	3749	1438	1339	1421	1279	1528	1399	1593	1582
C[T>G]C	951	1977	1850	1585	1334	1710	1802	1733	2116	1759	1804	2064	1252	2090	967	2132	4742	2424	2430	1957	6286	2290	1512	1758	2326	1931	2046	1784	2013	1954	1956	1898	2149	4802	1868	1932	1965	2887	1964	2466	2048	2382	2351	2683	2196	1938	2515	1997	1931	1819	2008	1796	1681	2177	2248	1898	1916	2006	1836	2103	1836	2049	2200
C[T>G]G	1186	2434	2585	2081	1676	2411	2485	2257	2615	2539	2317	2691	1418	2518	1169	2499	5861	3495	3917	2703	11213	3023	2156	2209	3031	2492	2614	2535	2692	2586	2469	2412	2675	6341	2470	2513	2500	3625	2557	3110	2973	3325	3081	3481	2711	2612	3143	2575	2458	2389	2557	2498	2274	2659	3470	2314	2592	2515	2458	2819	2755	2481	2818
C[T>G]T	1141	3080	2481	2062	1730	2374	2277	3643	3564	2357	3566	2577	2043	3081	1331	3007	14743	3398	11054	2719	51601	3278	2023	2577	5128	2483	2553	2321	2659	2426	3004	2332	2663	22689	4662	2617	2572	9122	2533	3933	3548	3628	3430	5772	4381	2580	5279	2711	2967	2258	2894	2430	2295	2999	16338	2477	2505	2659	3120	3345	2401	3077	2977
G[C>A]A	2139	4352	3909	3632	3124	3711	4381	4108	4802	4163	3791	5006	2609	4191	2085	4183	7377	7872	5005	4582	6741	4436	3686	3969	4716	4320	4590	4221	5065	4454	4791	3989	4695	6796	3891	4417	4399	4820	4822	4229	4755	4721	4019	6928	5696	4538	5265	3941	4010	4085	4440	4175	3681	4512	3476	4190	4313	4335	6468	4768	4047	4967	5050
G[C>A]C	1457	2650	2498	2402	2040	2380	2689	2525	2827	2631	2383	2922	1802	2864	1482	2900	9387	4318	3761	2777	5279	3207	2241	2577	3353	2770	2894	2584	2937	2775	2808	2659	3012	5311	2563	2843	2726	3396	2855	3181	2948	3627	3246	4241	3204	2806	3238	2773	2612	2700	2882	2615	2509	2874	3522	2735	2689	2813	3193	2963	2542	2898	3226
G[C>A]G	965	1923	1717	1577	1302	1595	1711	1575	1964	1738	1575	2033	1046	1818	960	1866	2531	2372	1803	1764	2094	1866	1453	1593	1935	1885	1919	1737	1918	1914	1888	1823	2025	2137	1759	1876	1904	1854	1971	1926	1890	1919	1817	2071	2109	1861	2179	1706	1751	1839	1894	1696	1706	1981	1073	1788	1898	1840	1890	1831	1745	1711	2038
G[C>A]T	1159	2488	2214	2176	1849	2201	2540	2440	2700	2377	2195	2918	1647	2445	1223	2466	28659	5066	8183	2706	10605	3450	2190	2218	4058	2559	2622	2464	2895	2507	2744	2333	2697	16101	2306	2731	2453	3847	2839	3324	2814	5317	4196	6944	3430	2567	2995	2970	2344	2372	2578	2449	2224	2499	11207	2430	2575	2536	4577	2979	2355	3063	3011
G[C>G]A	2211	3608	3548	3232	2756	3342	3579	3280	3928	3513	3282	4066	2386	3723	1911	3656	3885	4233	3739	3686	4305	3715	3135	3270	3592	3643	3869	3532	3834	3710	3749	3343	3965	4525	3401	3374	3731	3691	3872	3784	3831	3657	3579	3788	3967	3747	4171	3523	3534	3619	3858	3475	3338	3743	2420	3580	3407	3588	3280	3777	3549	3603	3938
G[C>G]C	1144	2125	1985	1773	1493	1851	2022	1830	2140	1921	1811	2280	1328	2147	1129	2164	2917	2956	2238	2133	2680	2338	1748	1892	2269	2232	2169	2044	2308	2168	2108	2054	2349	2597	2025	2163	2186	2339	2207	2227	2141	2198	2018	2410	2343	2148	2554	2015	2075	2030	2164	1954	1915	2171	1457	2026	2100	2201	2079	2128	1955	2253	2348
G[C>G]G	1020	2085	1997	1658	1372	1831	1952	1757	2112	1826	1779	2211	1101	2097	1018	2067	1900	2285	1891	1989	2170	1990	1661	1712	2053	2107	2109	1951	2186	2048	2039	2031	2231	2211	1889	2049	2066	2077	2066	2079	2145	2036	1783	2011	2264	1969	2473	1800	1954	1920	2099	1920	1798	2126	1014	1890	2055	2065	1974	2008	2018	1926	2200
G[C>G]T	1395	2701	2560	2349	1881	2474	2604	2403	2816	2625	2413	2849	1685	2686	1378	2684	3275	3647	2874	2704	3326	2966	2255	2449	2744	2732	2860	2613	2889	2714	2765	2631	2946	3247	2516	2699	2611	2856	2796	2809	2877	2750	2502	3865	2945	2651	3254	2623	2565	2588	2767	2607	2479	2826	1746	2619	2716	2701	2561	2663	2584	2721	3123
G[C>T]A	4074	7676	7466	6901	5661	6794	7550	6970	7952	7571	6796	8388	4842	7972	4237	7906	32095	10964	10323	7735	12907	17792	6374	7142	11512	7772	8040	7618	8186	7896	7665	7668	8367	17841	7173	7885	7769	20256	7757	10866	8261	13289	11092	36785	8376	7921	8902	10842	7330	7517	8119	7339	6965	8290	8099	7426	7717	7868	7685	8839	7546	7737	8627
G[C>T]C	3626	6764	6473	5961	4872	6088	6690	6183	7043	6512	5956	7105	4068	7152	3716	6958	35237	9767	16686	6912	24070	15117	5519	6276	12577	6886	7164	6651	7111	6994	6908	6646	7300	33831	6384	7286	6973	23979	6878	10805	7195	14003	12316	21264	7501	8468	7759	10182	6489	6784	7281	6274	6222	7108	17444	6739	6899	6998	6641	7282	6563	6686	7710
G[C>T]G	7448	14004	13262	11964	10225	12242	13556	12461	14092	13442	12031	14264	8309	14358	7749	14323	40589	20253	26545	13995	35557	25280	11229	12030	24251	13960	14004	13462	14526	14265	13866	13417	15416	57865	12693	14640	14325	22558	14040	20718	14087	26015	23681	30886	15781	13447	15902	22578	13102	13591	14278	13579	13071	14793	24544	13526	13994	14150	13400	13352	13344	13322	15196
G[C>T]T	3835	7425	7107	6616	5357	6822	7407	6935	7708	7417	6752	7955	4576	7844	4076	7565	31956	10743	19626	7684	29193	16065	6128	6924	11234	7568	7738	7354	8112	7667	7525	7330	8111	37871	6950	7771	7865	19200	7648	10338	8095	12731	11001	37437	8194	9468	8865	10106	7101	7412	7941	7445	6904	8062	20615	7520	7630	7335	7189	7712	7425	7238	8430
G[T>A]A	1024	1928	1849	1666	1454	1715	1925	1677	2102	1944	1734	2211	1161	2018	950	1875	3150	2273	1958	1998	2325	2154	1577	1781	2072	1935	2100	1904	2087	2042	2019	1759	2072	2303	1774	1886	2032	2132	2104	1948	2138	2013	1825	1917	2032	2097	2386	1953	1857	1915	2128	1851	1713	2069	1192	1971	1894	1938	1845	2342	1918	2132	2279
G[T>A]C	744	1505	1464	1306	1052	1292	1453	1271	1542	1421	1321	1648	965	1538	791	1538	3728	1953	1571	1499	1953	1784	1152	1323	1935	1518	1567	1407	1597	1484	1471	1451	1572	1896	1402	1459	1556	1849	1602	1706	1531	1796	1728	1762	1585	1574	1799	1590	1432	1449	1608	1408	1342	1646	1020	1498	1480	1447	1442	1591	1423	1548	1660
G[T>A]G	2190	4535	4154	3640	3089	3843	4241	3759	4788	4041	3669	4747	2594	4484	2202	4334	6205	4942	4058	4360	4721	5107	3406	3835	4642	4532	4721	4182	4867	4509	4486	4041	4881	4764	4049	4216	4493	5032	4737	4904	4672	4956	4318	4847	4910	4545	5491	4471	4153	4173	4620	4154	3759	4822	2279	4095	4282	4432	4032	4799	4185	4156	4887
G[T>A]T	1549	2973	2800	2555	2190	2676	2904	2678	3260	2906	2694	3232	1889	2978	1502	3015	5813	3375	3243	3032	4068	3263	2435	2687	3207	2925	3227	2853	3173	3096	2925	2722	3138	3757	2787	2828	3041	3497	3165	3064	3209	3214	3021	3391	3080	3191	3706	2949	2921	2876	3107	2869	2632	3267	2039	2808	2904	2831	2667	3118	2868	2993	3280
G[T>C]A	3307	6071	6148	5619	4602	5780	6137	5682	6544	6117	5618	6599	3902	6354	3479	6218	28826	8465	12359	6498	24085	13549	5186	5442	9984	6264	6523	6130	6585	6447	6158	5885	6714	51177	5866	6280	6269	10696	6387	8179	6691	8303	7972	9873	6814	6303	7325	8648	6025	6103	6583	6080	5762	6640	14275	6056	6178	6322	5929	6398	6247	6193	6943
G[T>C]C	2977	5683	5362	4797	3970	5125	5349	4999	5834	5153	4979	5912	3420	5756	3035	5630	13350	6776	12337	5556	19294	7642	4664	4871	6936	5445	5672	5297	5770	5684	5604	5613	5924	31484	5287	5571	5725	7162	5771	6640	5759	6632	7408	6991	6129	5637	6599	6104	5344	5468	5736	5325	5057	5874	11976	5420	5589	5642	5247	5568	5320	5360	6134
G[T>C]G	6993	13035	12284	10870	9234	11454	12374	11430	13453	12005	11344	13550	7674	13227	7195	13010	25819	15006	14136	12533	22911	17189	10544	11210	15025	13197	13266	12198	13493	13357	12928	12772	13957	34556	12119	12916	13322	16804	13283	15070	13053	15007	13982	16437	14165	13049	15047	13859	12598	12658	13170	12353	11734	13752	11869	12295	12980	13194	12234	12620	12367	12152	13939
G[T>C]T	3624	6737	6276	5905	4878	6155	6585	6058	6905	6447	6026	7114	4126	6950	3642	6822	24038	9071	16835	6792	34640	11703	5502	5893	9084	6600	6947	6553	7061	6979	6716	6440	7062	40515	6228	6769	6732	9428	6772	7927	7100	7790	7409	8797	7206	7504	8052	7871	6373	6552	7012	6423	6212	7112	17625	6615	6661	6730	6349	6601	6551	6572	7350
G[T>G]A	1495	2476	2469	2122	1857	2208	2508	2253	2721	2531	2297	2753	1634	2527	1337	2407	2928	2731	3287	2618	4749	2476	2114	2217	2441	2447	2576	2395	2550	2571	2584	2283	2660	4260	2394	2365	2537	2568	2550	2606	2703	2489	2508	2429	2692	2507	2777	2418	2331	2506	2620	2409	2200	2534	2451	2404	2353	2463	2204	2596	2451	2474	2742
G[T>G]C	1041	1980	1857	1685	1349	1777	1923	1765	2046	1903	1727	2113	1261	2023	1040	2016	3006	2185	2950	1978	5594	1989	1593	1722	2099	1960	2042	1850	2067	1975	2044	1935	2124	5327	1900	1965	1968	2153	2017	2096	2113	2102	2284	1963	2172	1991	2298	1838	1930	1863	2045	1799	1703	2056	2643	1826	1951	1951	1887	1951	1918	1923	2209
G[T>G]G	2097	4491	4989	3851	2876	4728	4757	4268	4999	4552	4327	5044	2405	4592	2154	4555	5814	5638	5252	5287	6676	4966	3941	3745	5159	4570	4795	4804	4847	4696	4606	4348	4998	7298	4133	4832	4778	5475	4812	5290	5546	5455	4896	5134	5099	4627	6112	4268	4266	4256	4644	4727	3844	4880	3152	4125	4508	4520	4108	4696	5266	4278	5157
G[T>G]T	2054	3961	3825	3374	2800	3802	3791	3860	4364	3868	3803	4155	2505	4042	1938	4060	9773	4633	7210	3996	13772	4973	3314	3465	5455	3830	4057	3808	4073	3968	3997	3694	4139	12847	4105	3853	3990	6573	3977	5503	4361	5633	6753	5414	4643	4216	5205	4559	3812	3738	4092	3721	3550	4163	6583	3656	3839	3866	3661	3952	3893	3898	4268
T[C>A]A	1957	9036	5619	4450	3308	4735	6115	5302	10657	5545	4932	10326	2511	7806	1941	7245	7466	9007	45298	6712	88333	4410	4257	5288	4618	8310	9211	5999	10432	9146	8191	7254	9772	42087	6886	7260	8499	4545	10450	4162	7881	4588	3762	6735	10081	7992	12221	3868	8344	7131	8567	5957	5162	11037	44856	6787	8216	8217	9356	8027	6005	7290	11082
T[C>A]C	1971	3602	3485	3001	2786	3146	3647	3536	3827	3510	3326	4126	2504	3720	1845	3507	9592	5615	7760	3874	12518	4050	2816	3297	3974	3511	3841	3669	4090	3785	3845	3226	3932	11961	3364	3497	3480	4167	3846	3808	4113	4295	3562	5485	4277	3962	4242	3565	3418	3532	3730	3487	3067	3884	10467	3608	3279	3780	4932	3984	3438	4271	4225
T[C>A]G	748	1368	1268	1147	1004	1198	1326	1236	1379	1341	1184	1433	810	1317	617	1255	1771	1804	2209	1355	4019	1346	1082	1178	1349	1255	1418	1258	1392	1328	1344	1168	1430	2132	1185	1228	1372	1415	1400	1290	1389	1411	1190	1698	1477	1340	1593	1253	1304	1249	1409	1247	1153	1431	2210	1292	1266	1321	1575	1324	1254	1356	1463
T[C>A]T	2661	6682	6235	5646	4674	5387	6976	6833	7685	6751	5966	7626	3799	6779	2974	6524	38430	12267	269974	7675	463987	8378	5558	5699	8469	6730	7094	6458	7974	7148	7137	5869	7511	278796	6086	6825	6683	8910	7598	7256	8093	9993	7030	15143	9198	6747	8851	6963	6341	6234	6899	6812	5587	7408	324089	6301	6837	6529	12777	7152	6741	7976	8451
T[C>G]A	2390	4552	4325	3996	4507	4386	4417	4131	4927	4477	4141	5224	2640	4592	2149	4592	5206	5818	4344	5081	4791	4508	3761	4134	4403	4520	4912	4478	4945	4837	4887	4382	5022	4872	4327	4445	4710	4635	5310	4593	5368	4638	4197	4538	4940	4768	5642	4320	4441	4410	4700	4394	4111	5003	2384	5121	4494	4754	4085	4614	4606	4783	5659
T[C>G]C	2447	4010	3975	3444	3272	3672	3968	3600	4279	3865	3615	4478	2693	4108	2285	3926	4638	5169	3959	4162	4421	4062	3387	3760	3933	4022	4336	3925	4361	4228	4181	3772	4274	4200	3865	3828	4090	4129	4397	4168	4343	3974	3777	4007	4313	4245	4736	3797	3884	3886	4187	3665	3559	4275	2503	3982	3765	4139	3557	4018	3869	4092	4746
T[C>G]G	1175	2005	2030	1716	1580	1818	2059	1833	2166	2028	1795	2257	1323	2089	1128	1961	1995	2281	2040	2043	2120	1917	1645	1826	1985	1984	2122	1990	2083	2067	2072	1989	2111	2021	1895	1965	2052	2040	2110	2081	2120	1985	1955	1944	2180	2094	2321	1960	1926	2002	2156	1882	1842	2125	1159	2052	2044	1999	1817	2051	1990	1954	2180
T[C>G]T	3797	7768	7817	6826	6729	7524	7874	7065	8958	7800	7060	9271	4619	8264	3995	8048	9780	10701	7941	9017	8952	8532	6516	7133	8047	8366	8675	8168	8705	8656	8539	7574	9006	8465	7616	8066	8287	8680	9088	8383	9112	8300	7637	9284	8870	8255	9934	7651	7779	7560	8387	7854	7178	8720	4107	8706	7892	8321	7183	8187	8166	8689	9869
T[C>T]A	4318	8295	7783	7132	7134	7794	8147	7589	8824	7970	7179	9344	4833	8583	4566	8126	18825	11933	11138	8717	17872	10983	6733	7573	8844	8134	8604	8052	8793	8715	8180	8105	8840	19512	7545	10444	8204	16894	8859	8770	9473	9089	8048	13038	8957	31540	9882	8392	7891	7916	8891	7876	7344	8932	9900	9004	8347	8426	8038	9471	8272	8398	9691
T[C>T]C	5536	10450	9968	8820	7795	8369	10226	9084	11580	9903	8885	11760	5934	11074	5178	10272	19040	13174	19072	10303	33826	12300	8028	9473	10841	10342	11087	9891	11412	11135	10497	9764	11593	40370	9571	14269	10769	25379	11067	11023	11495	11211	10069	12489	11615	46088	12458	10174	10062	10214	11520	9027	8228	10883	19636	9511	10206	10668	9493	11759	10017	10064	12148
T[C>T]G	5674	10473	9682	8930	7593	9353	9980	9334	10375	10041	8836	10661	6210	10613	5241	10085	15034	15179	66847	9916	118306	13188	8207	9119	11566	9901	10198	9902	10426	10333	9963	9314	10814	129623	9125	10807	10227	12697	9785	11492	10550	12170	10585	12391	10818	18165	11400	13087	9360	9793	10425	9989	9401	10692	74725	10216	9797	10116	9207	9687	9644	9731	10805
T[C>T]T	5808	15983	15903	12682	9670	13470	16605	14170	18018	15481	13651	17891	6868	15856	6151	14486	25788	20912	41348	17677	77791	16516	11976	12429	15215	15373	16464	15785	17261	16641	15356	14293	17394	76577	13634	16502	16039	26856	17371	14699	20829	15388	12319	18618	17320	29316	21348	12598	14802	14504	16560	15876	11891	18094	42297	14012	15666	15281	13691	17143	16910	14242	18553
T[T>A]A	2370	5490	4939	4714	3719	4260	5253	4861	5935	5490	4525	5305	2817	5319	2493	5225	9045	6878	7256	5866	9677	6674	4415	4520	6413	5211	5642	4947	5957	5827	5363	4743	5802	7794	4895	5334	5464	6554	5236	5984	6265	6429	5694	7116	5775	5885	6642	5602	4958	4770	5355	5412	4517	5853	3811	4863	5151	5139	4920	5358	5312	5430	6371
T[T>A]C	1195	2357	2181	1977	1701	2047	2291	2090	2527	2229	2094	2592	1457	2367	1090	2276	3869	2803	2744	2417	3969	2469	1810	2087	2466	2264	2517	2257	2533	2450	2404	2145	2504	3291	2151	2212	2356	2585	2499	2353	2504	2406	2260	2529	2420	2663	2945	2123	2311	2186	2572	2185	2017	2520	1912	2262	2219	2318	2011	2581	2251	2459	2715
T[T>A]G	1021	2085	2045	1749	1532	1880	2021	1801	2178	1961	1789	2319	1170	2127	926	1979	2992	2546	2549	2162	4008	2219	1656	1852	2154	2085	2283	2011	2280	2241	2232	2034	2317	2844	1970	2040	2171	2318	2218	2161	2241	2091	2018	2164	2222	2403	2551	2035	1977	1978	2201	1921	1882	2230	1636	2109	2039	2070	1964	2466	2111	2229	2404
T[T>A]T	3659	10080	8706	7972	6234	6676	9227	8485	10693	9068	7707	9438	4620	9764	3892	9726	16503	10866	14037	9964	23859	17086	7229	7847	13993	9283	10057	8529	10951	10415	9349	7895	10621	16346	8514	9445	10110	16478	9570	14987	10844	16105	13336	16712	10500	10287	12673	13449	8642	8486	9210	9154	7818	10942	8820	8436	9052	8466	8431	9051	9033	9145	11659
T[T>C]A	3760	6852	6669	6164	5206	6210	6838	6228	7467	6897	6623	7691	4282	7094	3880	7003	27198	9617	11501	7636	21647	13962	5712	6148	9891	7053	7169	6778	7364	7217	7182	6714	7584	27699	7259	7292	7240	9869	7182	8364	7476	8576	7872	11824	7686	7899	8192	8670	7026	6803	7217	6704	6178	7415	10384	7103	6873	6927	6554	7178	6798	7340	7946
T[T>C]C	4503	8852	8387	7230	6280	7682	8338	7610	9942	8313	7613	9931	5166	9287	4362	8541	17808	10625	12628	8537	22723	12642	6870	7744	10785	8878	9371	8370	9454	9412	8900	8354	9741	24622	8216	8428	9183	11840	9617	11039	9335	10971	10672	12826	9837	9102	11210	10074	8527	8439	9283	8173	7592	9825	9633	8594	8741	8708	7791	8763	8371	8422	9896
T[T>C]G	5426	9414	8939	8111	7041	8394	9057	8482	9817	9084	8277	10003	5856	9620	4805	9102	19286	11238	11307	9245	19838	12846	7748	8498	10580	9090	9502	8922	9624	9610	9290	9163	9767	23386	8850	9148	9540	11710	9362	10452	9736	10589	9981	13863	9687	9794	10654	10195	9100	9031	9596	8857	8538	9731	9506	9206	9397	9437	8539	9147	8914	9076	9976
T[T>C]T	5699	12684	11388	9901	8414	10217	11719	10588	13948	11015	10127	13848	6598	13277	5787	12790	33846	16092	18230	12145	40112	26931	9624	10655	19930	12699	13284	11428	13478	13349	12684	11953	14101	36868	11743	12487	13073	24235	13219	20401	13105	21995	18675	26024	14372	13103	16470	19200	12245	12082	13112	11300	10851	14059	15558	12001	12918	12507	11273	12144	11696	12118	14198
T[T>G]A	1595	3114	3032	2805	2307	2819	3053	2870	3428	3140	3119	3350	1854	3206	1583	3172	3934	4136	17481	3617	47376	3230	2689	2778	3161	3299	3266	3098	3345	3343	3579	2998	3406	14671	3698	3296	3275	3228	3260	3292	3367	3196	3022	3147	3476	3266	3784	2980	3234	2980	3311	3011	2759	3322	16272	3281	3014	3340	2991	3346	3184	3578	3576
T[T>G]C	1805	3361	3261	2866	2367	2967	3255	2946	3585	3236	3081	3608	1921	3414	1716	3347	4238	4073	7691	3425	22258	3409	2740	3009	3319	3311	3513	3234	3456	3521	3384	3194	3625	14936	3265	3214	3491	3488	3441	3454	3568	3278	3209	3379	3559	3474	4070	3189	3306	3275	3465	3161	2947	3558	8487	3282	3256	3308	2999	3350	3263	3350	3698
T[T>G]G	2460	4812	4471	4031	3446	4259	4611	4259	5080	4521	4194	5190	2809	4802	2256	4670	6020	5764	6737	4826	13982	5668	3886	4113	5286	4693	5053	4543	5118	4955	4802	4485	5059	8654	4508	4522	4848	5867	4955	5680	5179	5734	5264	5733	5110	4933	5770	5135	4604	4645	4861	4533	4230	5006	5513	4511	4650	4772	4268	4910	4694	4828	5311
T[T>G]T	4561	9695	9264	8099	6744	8532	9330	8992	10928	9196	9037	10448	5455	9968	4635	9980	17629	12556	117750	10408	340446	14878	7983	8332	14054	9926	10001	9306	10236	10195	10333	9126	10756	135512	10446	9851	10267	17109	9682	14618	10590	15246	13448	15590	11413	9928	12700	12654	9725	9242	10185	9329	8561	10729	136324	9512	9781	9900	9032	9529	9602	9860	11242
